%YAML:1.0
---
cameraMatrix: !!opencv-matrix
   rows: 3
   cols: 3
   dt: d
   data: [ 8.1678823190358412e+02, 0., 3.3461499621683765e+02, 0.,
       8.1975785727283483e+02, 2.4338208428614743e+02, 0., 0., 1. ]
distCoeffs: !!opencv-matrix
   rows: 5
   cols: 1
   dt: d
   data: [ 3.4138513038867498e-03, 1.4593780509840155e+00,
       -5.5137613033174257e-03, -1.0601626888972026e-03,
       -7.2801423842336854e+00 ]
