%YAML:1.0
---
cameraMatrix: !!opencv-matrix
   rows: 3
   cols: 3
   dt: d
   data: [ 8.3436898360461214e+02, 0., 3.3993523450978591e+02, 0.,
       8.3636468816791876e+02, 2.3538813488048726e+02, 0., 0., 1. ]
distCoeffs: !!opencv-matrix
   rows: 5
   cols: 1
   dt: d
   data: [ 1.9641990437208032e-02, 8.7716571341072280e-01,
       -5.3708607600002883e-03, -1.4250691534457523e-05,
       -2.7584651714007378e+00 ]
