%YAML:1.0
---
cameraMatrix: !!opencv-matrix
   rows: 3
   cols: 3
   dt: d
   data: [ 2.8365656695008101e+02, 0., 3.1424790619091129e+02, 0.,
       2.8389026613847142e+02, 2.3825097715003605e+02, 0., 0., 1. ]
distCoeffs: !!opencv-matrix
   rows: 5
   cols: 1
   dt: d
   data: [ -2.5459973751408133e-01, 1.0293515689846702e-01,
       5.7901035269717731e-06, 2.1049812166491698e-04,
       -2.5929262719488325e-02 ]
